00000011010101101001010100111111
0000001101101010
0000001101010110
00000001000111101000011101111111
0000000100011110
0000000110000111
0000001101101011
00000001100000001111111001111111
0000000110000000
0000000111111110
00000001000110110010011101111111
0000000100011011
0000001101010111
00000000000001101001111111111111
0000000000000110
0000000001101111
0000000110111111
00000000000001110001111111111111
0000000100111111
0000000000011111
0000000000000111
00000000000110010110011111111111
0000000101101111
0000000000011001
0000000110101111
0000000000111101
00000001000101101001011101111111
0000000110010111
0000000100010110
00000001000110010110011101111111
0000000100111101
0000000100011001
0000000110101011
00000001101010001110101001111111
0000001101111110
0000000110101000
0000000111101010
00010111011111101000000100010111
0001011101111110
00000001011010101010100101111111
0000001111010101
0000000101101010
0000001101101110
0000000110101001
00000110111100001111000010011111
0000011011110000
0001011110010110
00000000000000010111111111111111
0000000000000001
0000000001111111
00000000000110001110011111111111
0000000001111110
0000000000011000
0000000111101111
00011011110110001110010000100111
0001101111011000
0001101111100100
00000011011010010110100100111111
0000011101111001
0000001101101001
0000011001100011
00010110011011101000100110010111
0001011010001001
0001011001101110
00000001111010001110100001111111
0000011101111110
0000000111101000
00000110101100001111001010011111
0000011011110010
0001011010001110
0000011010110000
00000110011101101001000110011111
0000011110110001
0000011010010001
0000011010110110
0000011001110110
00000001100110001110011001111111
0000011010111101
0000000110011000
0000000110111100
0000001111011110
00000011010110010110010100111111
0000001101011001
00000111101101001101001000011111
0000011111100010
0000011110110100
0001011010011010
00000000000011110000111111111111
0000001100111111
0000000000001111
00000011001111001100001100111111
0001011010010111
0000001100111100
0000001111000011
00000110101101001101001010011111
0000011111100110
0000011010110100
0001011110011010
00000110011100101011000110011111
0000011110110110
0000011010110001
0000011001110010
00000110011001101001100110011111
0000011111110001
0000011010010110
0000011001100110
00000011110101001101010000111111
0001011010000011
0000011101111010
0000001111010100
00000001101011001100101001111111
0000011010110011
0000001101011110
0000000110101100
00010111100110001110011000010111
0001100111100001
0001011110011000
00010110011010101010100110010111
0001011010101001
0001011001101010
00000000000111101000011111111111
0000000110001111
0000000000011110
0000001101101111
00010110100110001110011010010111
0001011110101100
0001011010111100
0001011010011000
00010110011111101000000110010111
0001011010000001
0001011001111110
00000111011110001110000100011111
0001011010011001
0000011111100001
0000011101111000
00000011011011001100100100111111
0000011111100011
0000001111000110
0000001101101100
0001011010011011
00000001101010101010101001111111
0000000110101010
0000001100111101
00010111111010001110100000010111
0001011111101000
0001111011100001
00000110011110001110000110011111
0001011010101101
0000011111101001
0000011001111000
00000111101100001111001000011111
0000011111110010
0000011110110000
0001011010000110
0001011010011110
00000001000110001110011101111111
0000000110111101
0000000100011000
0000000111101011
00000001100000101011111001111111
0000000110111110
0000000110000010
00010110101011001100101010010111
0001011010101100
00000000000000110011111111111111
0000000101111111
0000000000000011
0000000000111111
00000110011000101011100110011111
0000011011110001
0000011010111001
0000011001100010
00000001001111101000001101111111
0000000100111110
0000000110000011
0000000110101110
0000001101111101
00000000000101110001011111111111
0000000000010111
0000000100011111
00000011110110001110010000111111
0001100111100011
0000011110111100
0000001111011000
00000001001011001100101101111111
0000011010110111
0000000100101100
0000000110101101
0000001111011011
00000110011010010110100110011111
0001011001101011
0000011001101001
00000011110000001111110000111111
0001100011100111
0000001111000000
0000001111111100
00000000001111001100001111111111
0000011010011111
0000000000111100
0000001111001111
00010110011010010110100110010111
0001011001101001
00000110101100101011001010011111
0000011010110010
0000011101110110
00000001000101110001011101111111
0000000100010111
00000011010110101010010100111111
0000011010010011
0000011110110101
0000001101011010
0000001111000101
00000001011011101000100101111111
0000000110001001
0000000101101110
0000001111011101
00000001100001101001111001111111
0000011001111011
0000000110000110
0000000110011110
00010110011010001110100110010111
0001011001101000
0001011011101001
00000001011010010110100101111111
0000000101101001
0000011001100111
00001111111100001111000000001111
0011110011000011
0000111111110000
00000001100110101010011001111111
0000011001110011
0000000110011010
0000001101101101
00000001100101101001011001111111
0000011001101011
0000000110010110
00000011011111001100000100111111
0000001111000001
0001011010000111
0000001101111100
0000001111011100
00000001011010001110100101111111
0000011001111110
0000000111101001
0000000101101000
00000011011010001110100100111111
0000011001111010
0000001101101000
0001011010001011
0000001111010110
00000011010110001110010100111111
0000011010110101
0000001101011000
0000001111011001
00000001000110101010011101111111
0000000101101011
0000001111010111
0000000110011011
0000000100011010
00000001001111001100001101111111
0000000100111100
0000011010010111
0000000110011001
0000001111000111
00000001011111101000000101111111
0000000110000001
0000000101111110
0000000111101110
00000110100100001111011010011111
0001011110001110
0000011011110110
0000011010010000
00000000000110110010011111111111
0000000000011011
0000000100101111
0000001101011111
00000111111000001111100000011111
0000011111111000
0000011111100000
0001100111100110
01101001100101101001011001101001
0110100110010110
00000000000101101001011111111111
0000000001101011
0000000000010110
0000000110011111
00000111111100001111000000011111
0000011111110000
0001011010010110
00000110011000010111100110011111
0000011001111001
0000011001100001
00000110011000001111100110011111
0000011001100000
0000011011111001
00000000011010010110100111111111
0000000001101001
0000011001101111
00000001001011010100101101111111
0000000110001011
0000001101011011
0000000100101101
00000000000000001111111111111111
0000000011111111
0000000000000000
